570742753
116117041
1443234957
1239021122
558035258
1477090518
2067347536
139357104
2080947999
623577425
86301912
106989749
1455025131
2137367239
926591946
1291647943
306018023
981464231
1536385872
928962930
1137949293
354369689
2135641837
1901356207
1421173294
1789788634
204709020
872892493
809852768
217084615
530150440
140556376
434068446
1391953203
1467506900
519882251
1862735685
819325949
1228236530
1603805061
1836507525
1207257114
1494082712
1195484816
1438044423
1924984514
725379319
1109772918
1377331000
1526595498
588165017
1503262871
1975751269
389092846
1264195237
1644476294
345814561
117311424
615282674
1363636778
1850291686
1442532240
1009734628
1734657704
880103777
242902557
2086171224
648785528
951416981
678731193
1562584490
1355251114
1437316857
1403658110
1603542426
2097132185
197431291
506454562
1101239851
1794732619
328904430
90880052
651855390
343073127
1199058054
273798731
1812972307
1584725988
248779158
1066325199
1503556940
1134965896
1831720841
118593642
42554905
1129026175
1231831807
784890099
975140020
2125082473
2106947461
821585159
1228364657
1036156183
1519056204
149909663
768674061
1278388811
278522229
795521070
2010557200
127511545
1492569642
443859712
509537270
1285576229
623037048
599758254
808929674
2139956702
483342992
1642072850
1892250232
1786911170
1686964341
2138000797
744379193
745671895
417154753
546121813
368198293
849028205
1330727284
395162230
1008457981
1436369286
776581383
1638642419
1571534334
1367055443
1034277186
2127048474
822326904
1629732544
815588834
1213402862
1482652996
133277338
1190723165
1439456153
375476984
637432980
1034955162
907012782
1027204710
361680749
266475068
1003359
1324875929
1217548989
1860339163
902098039
2107191066
523843425
1803536842
468318774
875082622
790885822
1801595613
904990472
1112971514
1641582110
1137722445
1747714549
1758291488
1835907018
2130823536
526119879
121550882
1584304955
438732802
690562986
443592460
1239674227
2049408285
211011729
121552692
1471725584
508230861
1169626359
512333550
1181988929
480805913
480259062
186399399
1035311956
2044417454
1270446913
1866877268
880269998
897552235
836227151
1192851900
1979336048
1623831308
758678229
419277465
2017191180
1759984300
1107842718
1371224314
1118399123
424048915
1272722476
522576349
195327970
1725866028
223009337
1091789282
1743688011
699815216
1387325574
1168595728
612509218
755825015
1811871993
1706237130
1894658283
1336422476
49029316
1220195360
823112398
349298069
855803331
585450858
112786438
836810895
1690950513
332473827
1860449881
225184380
2062285703
1276581775
1625802333
1615419203
405522793
685197934
1615489204
1204698723
1960725007
582913088
1471932395
648258172
298494860
1610716310
787932440
1223588746
1307976733
1957131370
410563625
1471857704
937227410
50993639
1548118181
803197543
1710532278
949387418
1194426626
811220722
1543380286
35779731
2040680850
615836315
1757594651
2048333301
1878936715
2030790169
1676720544
2139911734
1642291459
1652952796
597470940
3094225
25873473
1179891630
304659012
1852582635
570734957
99918250
170878154
624075181
305202041
1215461596
1279753668
978714810
1951626441
1882196018
2040697855
1455776559
1712809605
879574353
1924725404
1507791507
780736480
909658559
1957071948
1703865568
1369445868
2140142563
1187597210
2051431566
550109508
233551179
1378988858
1267621418
307314709
679962294
1531627926
101973399
856902166
309772499
2013301710
1929407828
672892396
477976184
316230422
2020486916
1301201149
299189628
602863727
681027307
1600401977
144308444
1907493974
396082916
1005844662
526481695
422661881
455263679
1577124378
1889641410
1833550332
1534241819
1814897935
582266785
2067128375
1391493827
1190269468
768118965
585710639
1751546703
296017937
361461353
398154114
741505827
1704466881
1397026132
480339732
754479644
850907598
981168898
101200228
2128101078
227382730
1783595684
814663309
234585454
880226833
1485923379
1075697192
1069323163
787993642
1816325064
846432763
1915312825
1859343913
2142059185
1755374016
663007543
2007195475
1524585528
189779821
