1003359
3094225
25873473
35779731
42554905
49029316
50993639
86301912
90880052
99918250
101200228
101973399
106989749
112786438
116117041
117311424
118593642
121550882
121552692
127511545
133277338
139357104
140556376
144308444
149909663
170878154
186399399
189779821
195327970
197431291
204709020
211011729
217084615
223009337
225184380
227382730
233551179
234585454
242902557
248779158
266475068
273798731
278522229
296017937
298494860
299189628
304659012
305202041
306018023
307314709
309772499
316230422
328904430
332473827
343073127
345814561
349298069
354369689
361461353
361680749
368198293
375476984
389092846
395162230
396082916
398154114
405522793
410563625
417154753
419277465
422661881
424048915
434068446
438732802
443592460
443859712
455263679
468318774
477976184
480259062
480339732
480805913
483342992
506454562
508230861
509537270
512333550
519882251
522576349
523843425
526119879
526481695
530150440
546121813
550109508
558035258
570734957
570742753
582266785
582913088
585450858
585710639
588165017
597470940
599758254
602863727
612509218
615282674
615836315
623037048
623577425
624075181
637432980
648258172
648785528
651855390
663007543
672892396
678731193
679962294
681027307
685197934
690562986
699815216
725379319
741505827
744379193
745671895
754479644
755825015
758678229
768118965
768674061
776581383
780736480
784890099
787932440
787993642
790885822
795521070
803197543
808929674
809852768
811220722
814663309
815588834
819325949
821585159
822326904
823112398
836227151
836810895
846432763
849028205
850907598
855803331
856902166
872892493
875082622
879574353
880103777
880226833
880269998
897552235
902098039
904990472
907012782
909658559
926591946
928962930
937227410
949387418
951416981
975140020
978714810
981168898
981464231
1005844662
1008457981
1009734628
1027204710
1034277186
1034955162
1035311956
1036156183
1066325199
1069323163
1075697192
1091789282
1101239851
1107842718
1109772918
1112971514
1118399123
1129026175
1134965896
1137722445
1137949293
1168595728
1169626359
1179891630
1181988929
1187597210
1190269468
1190723165
1192851900
1194426626
1195484816
1199058054
1204698723
1207257114
1213402862
1215461596
1217548989
1220195360
1223588746
1228236530
1228364657
1231831807
1239021122
1239674227
1264195237
1267621418
1270446913
1272722476
1276581775
1278388811
1279753668
1285576229
1291647943
1301201149
1307976733
1324875929
1330727284
1336422476
1355251114
1363636778
1367055443
1369445868
1371224314
1377331000
1378988858
1387325574
1391493827
1391953203
1397026132
1403658110
1421173294
1436369286
1437316857
1438044423
1439456153
1442532240
1443234957
1455025131
1455776559
1467506900
1471725584
1471857704
1471932395
1477090518
1482652996
1485923379
1492569642
1494082712
1503262871
1503556940
1507791507
1519056204
1524585528
1526595498
1531627926
1534241819
1536385872
1543380286
1548118181
1562584490
1571534334
1577124378
1584304955
1584725988
1600401977
1603542426
1603805061
1610716310
1615419203
1615489204
1623831308
1625802333
1629732544
1638642419
1641582110
1642072850
1642291459
1644476294
1652952796
1676720544
1686964341
1690950513
1703865568
1704466881
1706237130
1710532278
1712809605
1725866028
1734657704
1743688011
1747714549
1751546703
1755374016
1757594651
1758291488
1759984300
1783595684
1786911170
1789788634
1794732619
1801595613
1803536842
1811871993
1812972307
1814897935
1816325064
1831720841
1833550332
1835907018
1836507525
1850291686
1852582635
1859343913
1860339163
1860449881
1862735685
1866877268
1878936715
1882196018
1889641410
1892250232
1894658283
1901356207
1907493974
1915312825
1924725404
1924984514
1929407828
1951626441
1957071948
1957131370
1960725007
1975751269
1979336048
2007195475
2010557200
2013301710
2017191180
2020486916
2030790169
2040680850
2040697855
2044417454
2048333301
2049408285
2051431566
2062285703
2067128375
2067347536
2080947999
2086171224
2097132185
2106947461
2107191066
2125082473
2127048474
2128101078
2130823536
2135641837
2137367239
2138000797
2139911734
2139956702
2140142563
2142059185
