950962504
1416889652
442619232
1739285042
1975857463
1284892661
605703045
2030723812
1797227092
1846910921
1283660759
93341791
1332482288
1040971808
2001836392
1175526469
304113929
1607395698
2028098364
1309574551
740242940
1489637906
12595979
1931309564
2079126765
2109169016
306213786
1754941119
1836337604
2073094421
1294897654
592729290
904649701
263332383
305118053
434705235
771242682
2094917398
1280854711
416456224
574746129
2098216066
1543195554
1253490132
984566926
880693979
1611679799
903637641
191336091
1418543621
1226339722
1305825891
205436516
1475166711
822092375
925634908
857410920
379811650
1534378520
1536738066
1404214406
2084068237
1125213185
809001871
1674464300
1146581031
622807881
1593543084
732325343
206521530
552447773
414908706
201827009
177560985
1014553202
1356287698
62031732
2141740476
1350892193
1955234926
411623486
1045462618
1160994841
1410419504
1278474252
2073629559
1427930256
1480695414
1181236090
265655374
1862825508
1176539377
1875629217
1700980991
842758450
468511891
1232275686
344013428
2102554657
1612495768
1475832227
2001625931
1794233875
827571318
1991559627
1777958175
1015307602
136397482
300773150
1485312522
589288549
1513359649
1062324580
1936440929
1484565105
1346451921
894096587
1482986706
27749750
892354149
1659344575
686837597
556136942
1693764130
999738731
1290038251
68260052
1876193562
790761947
1290880586
663952016
377728646
1797850908
876035769
1881749504
70237061
18859648
1018752953
361091933
848910138
787760205
38231833
1214888253
1379040463
1524656536
1843898741
1171793209
1580400058
1954946666
1468687414
220757018
1657739890
1253786939
1695959282
821118724
485656382
142532619
1944816901
226793394
1734192203
2132889762
312062690
215691825
1566045919
1344662588
1359903531
174621417
1673293633
237362934
1657882397
1059327242
23281366
581465940
195297660
1166538666
1726130089
2110972485
1466188348
571911219
1033813999
300972965
1055555562
1274741936
1970786495
1744394356
1596600885
1271215754
254834489
855222204
1927412037
21490150
1469683778
1595634872
913648003
1865109406
1169342708
1416378047
1949697499
1194584708
896062744
1677143569
1345246146
595830088
1270063449
1971344108
676836681
343073333
1299534350
980986955
482715063
1717046367
980576524
1708240304
1859010576
830377631
1853777429
1003296114
1114887301
1721209215
288685533
1408976598
671206148
1977069384
1239714411
1461765908
1309570239
1110758534
524811093
261358447
1446501601
1700828175
1420610000
831751430
93148497
447684152
1018528667
1325420179
2040375601
1491871935
1202427061
817035003
139179082
563760777
381020796
1740595867
1609531194
228347680
861687720
1654626683
1320973054
1708914501
143306107
1573117759
399579015
1796745855
844436225
1237590062
1125662943
1428539537
757363868
630213443
1496095572
857353923
1095406148
513348354
888804557
1938178306
2007575553
668476029
989064977
2011746347
1943441083
1071276204
347628329
1262975957
258524136
1374164945
3410446
166912190
1963432601
1083819106
649851698
55685668
2071231035
701514199
186179525
1877512291
1498579498
1422228369
1707314016
604708784
793264703
1525657056
1032193182
381601189
757366961
1004408026
519463360
514869649
1115665217
1291475881
2118522940
1014028859
887093873
2000518774
930097772
704088673
342216252
809473534
611604325
1205176210
1590769524
1142249458
111183670
1317441598
563806778
1262491344
1544900545
77730448
1860972012
2146229941
1187459515
1884616547
901122234
441198900
1394632234
1922242461
1727008048
913924190
639571362
718467134
693424502
1202760947
1207077269
1590441478
1679289264
1234646175
1011691037
1102651460
1676934108
598451054
526727702
1941125250
36792929
1006107062
685006952
940662047
362630700
901924873
795751578
82008017
1797135292
1634028298
566972845
1190396919
1812853099
1382629791
1968741877
225604396
239542112
1089441529
413355551
1002396477
1806348456
1366608829
321414696
1601121492
2026706597
378716030
1084675893
1156136090
789881993
1050862827
326793595
1115220933
2026979600
289202553
1104497818
628756686
1020611835
1056607317
1561910350
