3410446
12595979
18859648
21490150
23281366
27749750
36792929
38231833
55685668
62031732
68260052
70237061
77730448
82008017
93148497
93341791
111183670
136397482
139179082
142532619
143306107
166912190
174621417
177560985
186179525
191336091
195297660
201827009
205436516
206521530
215691825
220757018
225604396
226793394
228347680
237362934
239542112
254834489
258524136
261358447
263332383
265655374
288685533
289202553
300773150
300972965
304113929
305118053
306213786
312062690
321414696
326793595
342216252
343073333
344013428
347628329
361091933
362630700
377728646
378716030
379811650
381020796
381601189
399579015
411623486
413355551
414908706
416456224
434705235
441198900
442619232
447684152
468511891
482715063
485656382
513348354
514869649
519463360
524811093
526727702
552447773
556136942
563760777
563806778
566972845
571911219
574746129
581465940
589288549
592729290
595830088
598451054
604708784
605703045
611604325
622807881
628756686
630213443
639571362
649851698
663952016
668476029
671206148
676836681
685006952
686837597
693424502
701514199
704088673
718467134
732325343
740242940
757363868
757366961
771242682
787760205
789881993
790761947
793264703
795751578
809001871
809473534
817035003
821118724
822092375
827571318
830377631
831751430
842758450
844436225
848910138
855222204
857353923
857410920
861687720
876035769
880693979
887093873
888804557
892354149
894096587
896062744
901122234
901924873
903637641
904649701
913648003
913924190
925634908
930097772
940662047
950962504
980576524
980986955
984566926
989064977
999738731
1002396477
1003296114
1004408026
1006107062
1011691037
1014028859
1014553202
1015307602
1018528667
1018752953
1020611835
1032193182
1033813999
1040971808
1045462618
1050862827
1055555562
1056607317
1059327242
1062324580
1071276204
1083819106
1084675893
1089441529
1095406148
1102651460
1104497818
1110758534
1114887301
1115220933
1115665217
1125213185
1125662943
1142249458
1146581031
1156136090
1160994841
1166538666
1169342708
1171793209
1175526469
1176539377
1181236090
1187459515
1190396919
1194584708
1202427061
1202760947
1205176210
1207077269
1214888253
1226339722
1232275686
1234646175
1237590062
1239714411
1253490132
1253786939
1262491344
1262975957
1270063449
1271215754
1274741936
1278474252
1280854711
1283660759
1284892661
1290038251
1290880586
1291475881
1294897654
1299534350
1305825891
1309570239
1309574551
1317441598
1320973054
1325420179
1332482288
1344662588
1345246146
1346451921
1350892193
1356287698
1359903531
1366608829
1374164945
1379040463
1382629791
1394632234
1404214406
1408976598
1410419504
1416378047
1416889652
1418543621
1420610000
1422228369
1427930256
1428539537
1446501601
1461765908
1466188348
1468687414
1469683778
1475166711
1475832227
1480695414
1482986706
1484565105
1485312522
1489637906
1491871935
1496095572
1498579498
1513359649
1524656536
1525657056
1534378520
1536738066
1543195554
1544900545
1561910350
1566045919
1573117759
1580400058
1590441478
1590769524
1593543084
1595634872
1596600885
1601121492
1607395698
1609531194
1611679799
1612495768
1634028298
1654626683
1657739890
1657882397
1659344575
1673293633
1674464300
1676934108
1677143569
1679289264
1693764130
1695959282
1700828175
1700980991
1707314016
1708240304
1708914501
1717046367
1721209215
1726130089
1727008048
1734192203
1739285042
1740595867
1744394356
1754941119
1777958175
1794233875
1796745855
1797135292
1797227092
1797850908
1806348456
1812853099
1836337604
1843898741
1846910921
1853777429
1859010576
1860972012
1862825508
1865109406
1875629217
1876193562
1877512291
1881749504
1884616547
1922242461
1927412037
1931309564
1936440929
1938178306
1941125250
1943441083
1944816901
1949697499
1954946666
1955234926
1963432601
1968741877
1970786495
1971344108
1975857463
1977069384
1991559627
2000518774
2001625931
2001836392
2007575553
2011746347
2026706597
2026979600
2028098364
2030723812
2040375601
2071231035
2073094421
2073629559
2079126765
2084068237
2094917398
2098216066
2102554657
2109169016
2110972485
2118522940
2132889762
2141740476
2146229941
